146
318 349
641 661
672 687
701 714
727 748
885 906
1042 1064
1154 1175
1226 1247
1304 1320
1340 1359
1481 1499
1870 1886
1921
2026 2048
2268
2440
2474
2492
2552
2604
2658
2712
2763
2819
2886
2995 3013
3241 3263
3429 3448
3555 3574
3708 3726
3834 3851
4055
4108
4227
4327
4441 4458
4593 4609
4715
4738 4786
4800 4842
4905 4935
5113 5133
5154 5185
5451 5492
5812 5846
5996
6134
6326 6344
6519
6553 6585
6684
6746
6807 6827
6958 6993
7062
7122
7140
7158
7177
7197
7218
7238
7255
7266 7279
7387 7401
7557 7574
7612 7656
7765 7795
8111 8131
8217
8290
8322
8470 8503
8752 8771
8823 8836
8914 8953
8971 8986
9160
9241
9365
9422 9472
9512 9580
9697 9714
9754 9769
9843 9877
9948 9964
10091 10107
10251 10267
10516 10538
10557 10585
10673 10688
10741 10762
10905 10935
11001 11035
11099 11130
11201 11235
11297 11329
11378 11401
11648 11669
12035 12056
12216 12217
